9990 9880 9770 9660 9550 9440 9330 9221 9112 9003 8895 8787 8679 8571 8464 8357 8250 8144 8038 7932 7826 7720 7614 7510 7406 7302 7198 7094 6991 6888 6785 6682 6579 6476 6373 6270 6167 6065 5964 5863 5762 5662 5562 5462 5362 5262 5162 5062 4962 4862 4763 4665 4567 4469 4371 4273 4175 4077 3979 3881 3783 3685 3587 3490 3393 3296 3199 3102 3005 2908 2811 2714 2617 2521 2425 2329 2233 2137 2042 1947 1852 1757 1662 1567 1473 1379 1285 1192 1099 1006 913 821 729 637 546 455 364 273 182 91
9880 9762 9644 9526 9408 9290 9172 9056 8940 8824 8710 8596 8482 8368 8256 8144 8032 7922 7812 7702 7592 7483 7375 7270 7165 7060 6955 6850 6746 6642 6538 6434 6330 6226 6122 6018 5914 5812 5711 5610 5509 5410 5311 5212 5113 5014 4915 4816 4717 4618 4521 4426 4331 4236 4141 4046 3951 3856 3761 3666 3571 3476 3381 3287 3193 3099 3005 2911 2817 2723 2629 2535 2441 2349 2257 2165 2073 1981 1891 1801 1711 1621 1531 1441 1353 1265 1177 1091 1005 919 833 749 665 581 498 415 332 249 166 83
9770 9644 9518 9392 9266 9140 9014 8891 8768 8645 8525 8405 8285 8165 8048 7931 7814 7700 7586 7472 7358 7246 7136 7030 6924 6818 6712 6606 6501 6396 6291 6186 6081 5976 5871 5766 5661 5559 5458 5357 5256 5158 5060 4962 4864 4766 4668 4570 4472 4374 4279 4187 4095 4003 3911 3819 3727 3635 3543 3451 3359 3267 3175 3084 2993 2902 2811 2720 2629 2538 2447 2356 2265 2177 2089 2001 1913 1825 1740 1655 1570 1485 1400 1315 1233 1151 1069 990 911 832 753 677 601 525 450 375 300 225 150 75
9660 9526 9392 9258 9124 8990 8856 8726 8596 8466 8340 8214 8088 7962 7840 7718 7596 7478 7360 7242 7124 7009 6897 6790 6683 6576 6469 6362 6256 6150 6044 5938 5832 5726 5620 5514 5408 5306 5205 5104 5003 4906 4809 4712 4615 4518 4421 4324 4227 4130 4037 3948 3859 3770 3681 3592 3503 3414 3325 3236 3147 3058 2969 2881 2793 2705 2617 2529 2441 2353 2265 2177 2089 2005 1921 1837 1753 1669 1589 1509 1429 1349 1269 1189 1113 1037 961 889 817 745 673 605 537 469 402 335 268 201 134 67
9550 9408 9266 9124 8982 8840 8698 8561 8424 8287 8155 8023 7891 7759 7632 7505 7378 7256 7134 7012 6890 6772 6658 6550 6442 6334 6226 6118 6011 5904 5797 5690 5583 5476 5369 5262 5155 5053 4952 4851 4750 4654 4558 4462 4366 4270 4174 4078 3982 3886 3795 3709 3623 3537 3451 3365 3279 3193 3107 3021 2935 2849 2763 2678 2593 2508 2423 2338 2253 2168 2083 1998 1913 1833 1753 1673 1593 1513 1438 1363 1288 1213 1138 1063 993 923 853 788 723 658 593 533 473 413 354 295 236 177 118 59
9440 9290 9140 8990 8840 8690 8540 8396 8252 8109 7972 7835 7698 7561 7431 7301 7171 7047 6923 6799 6675 6556 6442 6334 6226 6118 6010 5902 5795 5688 5581 5474 5367 5260 5153 5046 4939 4838 4738 4638 4538 4444 4350 4256 4162 4068 3974 3880 3786 3692 3603 3519 3435 3351 3267 3183 3099 3015 2931 2847 2763 2679 2595 2512 2429 2346 2263 2180 2097 2014 1931 1848 1765 1688 1611 1534 1457 1380 1309 1238 1167 1096 1025 954 889 824 759 700 641 582 523 470 417 364 312 260 208 156 104 52
9330 9172 9014 8857 8700 8543 8386 8236 8086 7938 7797 7656 7515 7375 7243 7111 6979 6853 6727 6601 6475 6355 6240 6132 6024 5916 5808 5700 5594 5488 5382 5276 5170 5064 4958 4852 4746 4647 4549 4451 4353 4262 4171 4080 3989 3898 3807 3716 3625 3534 3448 3366 3284 3202 3120 3038 2956 2874 2792 2710 2628 2546 2464 2383 2302 2221 2140 2059 1978 1897 1816 1735 1654 1580 1506 1432 1358 1284 1216 1148 1080 1012 944 876 815 754 693 638 583 528 473 425 377 329 282 235 188 141 94 47
9220 9054 8888 8724 8560 8396 8232 8076 7920 7767 7622 7477 7332 7189 7055 6921 6787 6659 6531 6403 6275 6154 6038 5930 5822 5714 5606 5498 5393 5288 5183 5078 4973 4868 4763 4658 4553 4456 4360 4264 4168 4080 3992 3904 3816 3728 3640 3552 3464 3376 3293 3213 3133 3053 2973 2893 2813 2733 2653 2573 2493 2413 2333 2254 2175 2096 2017 1938 1859 1780 1701 1622 1543 1472 1401 1330 1259 1188 1123 1058 993 928 863 798 741 684 627 576 525 474 423 380 337 294 252 210 168 126 84 42
9111 8938 8765 8595 8425 8255 8085 7924 7763 7606 7458 7310 7162 7017 6881 6745 6609 6479 6349 6219 6089 5967 5850 5742 5634 5526 5418 5310 5206 5102 4998 4895 4792 4689 4586 4483 4380 4286 4192 4098 4004 3919 3834 3749 3664 3579 3494 3409 3324 3239 3159 3081 3003 2925 2847 2769 2691 2613 2535 2457 2379 2301 2223 2146 2069 1992 1915 1838 1761 1684 1607 1530 1453 1385 1317 1249 1181 1113 1051 989 927 865 803 741 688 635 582 534 486 438 390 351 312 273 234 195 156 117 78 39
9002 8822 8642 8466 8290 8114 7938 7772 7606 7445 7295 7145 6995 6849 6712 6575 6438 6307 6176 6045 5914 5792 5675 5568 5461 5354 5247 5140 5038 4936 4835 4734 4633 4532 4431 4330 4229 4137 4045 3953 3861 3779 3697 3615 3533 3451 3369 3287 3205 3123 3046 2970 2894 2818 2742 2666 2590 2514 2438 2362 2286 2210 2134 2059 1984 1909 1834 1759 1684 1609 1534 1459 1384 1318 1252 1186 1120 1054 994 934 874 814 754 694 644 594 544 498 452 406 360 324 288 252 216 180 144 108 72 36
8893 8706 8519 8337 8155 7973 7791 7620 7449 7285 7133 6981 6829 6682 6544 6406 6268 6136 6004 5872 5740 5618 5501 5395 5289 5183 5077 4971 4871 4771 4672 4573 4474 4375 4276 4177 4078 3988 3898 3808 3718 3639 3560 3481 3402 3323 3244 3165 3086 3007 2933 2859 2785 2711 2637 2563 2489 2415 2341 2267 2193 2119 2045 1972 1899 1826 1753 1680 1607 1534 1461 1388 1315 1251 1187 1123 1059 995 937 879 821 763 705 647 600 553 506 462 418 374 330 297 264 231 198 165 132 99 66 33
8784 8590 8396 8208 8020 7832 7644 7468 7292 7125 6971 6817 6663 6515 6377 6239 6101 5969 5837 5705 5573 5452 5336 5232 5128 5024 4920 4816 4718 4620 4523 4426 4329 4232 4135 4038 3941 3852 3763 3674 3585 3508 3431 3354 3277 3200 3123 3046 2969 2892 2820 2748 2676 2604 2532 2460 2388 2316 2244 2172 2100 2028 1956 1885 1814 1743 1672 1601 1530 1459 1388 1317 1246 1184 1122 1060 998 936 880 824 768 712 656 600 556 512 468 426 384 342 300 270 240 210 180 150 120 90 60 30
8675 8474 8273 8079 7885 7691 7497 7316 7135 6965 6809 6653 6497 6348 6210 6072 5934 5802 5670 5538 5406 5286 5171 5069 4967 4865 4763 4661 4565 4469 4374 4279 4184 4089 3994 3899 3804 3716 3628 3540 3452 3377 3302 3227 3152 3077 3002 2927 2852 2777 2707 2637 2567 2497 2427 2357 2287 2217 2147 2077 2007 1937 1867 1798 1729 1660 1591 1522 1453 1384 1315 1246 1177 1117 1057 997 937 877 823 769 715 661 607 553 512 471 430 390 350 310 270 243 216 189 162 135 108 81 54 27
8566 8358 8150 7950 7750 7550 7350 7164 6978 6805 6647 6489 6331 6181 6043 5905 5767 5635 5503 5371 5239 5120 5006 4906 4806 4706 4606 4506 4412 4318 4225 4132 4039 3946 3853 3760 3667 3580 3493 3406 3319 3246 3173 3100 3027 2954 2881 2808 2735 2662 2594 2526 2458 2390 2322 2254 2186 2118 2050 1982 1914 1846 1778 1711 1644 1577 1510 1443 1376 1309 1242 1175 1108 1050 992 934 876 818 766 714 662 610 558 506 468 430 392 354 316 278 240 216 192 168 144 120 96 72 48 24
8458 8244 8030 7824 7618 7412 7206 7015 6824 6648 6488 6328 6168 6017 5879 5741 5603 5471 5339 5207 5075 4957 4844 4746 4648 4550 4452 4354 4262 4170 4079 3988 3897 3806 3715 3624 3533 3447 3361 3275 3189 3118 3047 2976 2905 2834 2763 2692 2621 2550 2484 2418 2352 2286 2220 2154 2088 2022 1956 1890 1824 1758 1692 1627 1562 1497 1432 1367 1302 1237 1172 1107 1042 986 930 874 818 762 712 662 612 562 512 462 426 390 354 318 282 246 210 189 168 147 126 105 84 63 42 21
8350 8130 7910 7698 7486 7274 7062 6866 6670 6491 6329 6167 6005 5853 5715 5577 5439 5307 5175 5043 4911 4794 4682 4586 4490 4394 4298 4202 4112 4022 3933 3844 3755 3666 3577 3488 3399 3314 3229 3144 3059 2990 2921 2852 2783 2714 2645 2576 2507 2438 2374 2310 2246 2182 2118 2054 1990 1926 1862 1798 1734 1670 1606 1543 1480 1417 1354 1291 1228 1165 1102 1039 976 922 868 814 760 706 658 610 562 514 466 418 384 350 316 282 248 214 180 162 144 126 108 90 72 54 36 18
8243 8018 7793 7576 7359 7142 6925 6725 6525 6344 6181 6018 5855 5703 5566 5429 5292 5161 5030 4899 4768 4653 4543 4449 4355 4261 4167 4073 3985 3897 3810 3723 3636 3549 3462 3375 3288 3204 3120 3036 2952 2885 2818 2751 2684 2617 2550 2483 2416 2349 2287 2225 2163 2101 2039 1977 1915 1853 1791 1729 1667 1605 1543 1482 1421 1360 1299 1238 1177 1116 1055 994 933 881 829 777 725 673 626 579 532 485 438 391 358 325 292 259 226 193 160 144 128 112 96 80 64 48 32 16
8136 7906 7676 7454 7232 7010 6788 6584 6380 6197 6033 5869 5705 5553 5417 5281 5145 5015 4885 4755 4625 4512 4404 4312 4220 4128 4036 3944 3858 3772 3687 3602 3517 3432 3347 3262 3177 3094 3011 2928 2845 2780 2715 2650 2585 2520 2455 2390 2325 2260 2200 2140 2080 2020 1960 1900 1840 1780 1720 1660 1600 1540 1480 1421 1362 1303 1244 1185 1126 1067 1008 949 890 840 790 740 690 640 594 548 502 456 410 364 332 300 268 236 204 172 140 126 112 98 84 70 56 42 28 14
8029 7794 7559 7332 7105 6878 6651 6443 6235 6050 5885 5720 5555 5403 5268 5133 4998 4869 4740 4611 4482 4371 4265 4175 4085 3995 3905 3815 3731 3647 3564 3481 3398 3315 3232 3149 3066 2984 2902 2820 2738 2675 2612 2549 2486 2423 2360 2297 2234 2171 2113 2055 1997 1939 1881 1823 1765 1707 1649 1591 1533 1475 1417 1360 1303 1246 1189 1132 1075 1018 961 904 847 799 751 703 655 607 562 517 472 427 382 337 306 275 244 213 182 151 120 108 96 84 72 60 48 36 24 12
7922 7682 7442 7210 6978 6746 6514 6302 6090 5903 5737 5571 5405 5253 5119 4985 4851 4723 4595 4467 4339 4230 4126 4038 3950 3862 3774 3686 3604 3522 3441 3360 3279 3198 3117 3036 2955 2874 2793 2712 2631 2570 2509 2448 2387 2326 2265 2204 2143 2082 2026 1970 1914 1858 1802 1746 1690 1634 1578 1522 1466 1410 1354 1299 1244 1189 1134 1079 1024 969 914 859 804 758 712 666 620 574 530 486 442 398 354 310 280 250 220 190 160 130 100 90 80 70 60 50 40 30 20 10
7815 7570 7325 7088 6851 6614 6377 6161 5945 5756 5589 5422 5255 5103 4970 4837 4705 4579 4453 4327 4201 4095 3994 3908 3822 3736 3650 3564 3484 3404 3324 3244 3164 3084 3004 2924 2844 2764 2684 2604 2524 2465 2406 2347 2288 2229 2170 2111 2052 1993 1939 1885 1831 1777 1723 1669 1615 1561 1507 1453 1399 1345 1291 1238 1185 1132 1079 1026 973 920 867 814 761 717 673 629 585 541 498 455 412 369 326 283 254 225 196 167 138 109 80 72 64 56 48 40 32 24 16 8
7708 7458 7208 6966 6724 6483 6242 6023 5804 5614 5447 5280 5113 4962 4830 4698 4568 4444 4320 4196 4072 3968 3869 3784 3699 3614 3529 3444 3365 3286 3207 3128 3049 2970 2891 2812 2733 2654 2575 2496 2417 2360 2303 2246 2189 2132 2075 2018 1961 1904 1852 1800 1748 1696 1644 1592 1540 1488 1436 1384 1332 1280 1228 1177 1126 1075 1024 973 922 871 820 769 718 676 634 592 550 508 466 424 382 340 298 256 228 200 172 144 116 88 60 54 48 42 36 30 24 18 12 6
7602 7348 7094 6848 6602 6358 6114 5893 5672 5482 5316 5150 4984 4835 4705 4575 4448 4327 4206 4085 3964 3863 3767 3684 3601 3518 3435 3352 3274 3196 3118 3040 2962 2884 2806 2728 2650 2572 2494 2416 2338 2283 2228 2173 2118 2063 2008 1953 1898 1843 1792 1741 1690 1639 1588 1537 1486 1435 1384 1333 1282 1231 1180 1130 1080 1030 980 930 880 830 780 730 680 639 598 557 516 475 434 393 352 311 270 229 202 175 148 121 94 67 40 36 32 28 24 20 16 12 8 4
7496 7238 6980 6730 6480 6233 5986 5763 5540 5350 5185 5020 4855 4708 4580 4452 4328 4210 4093 3976 3859 3762 3670 3590 3510 3430 3350 3270 3193 3116 3039 2962 2885 2808 2731 2654 2577 2500 2423 2346 2269 2216 2163 2110 2057 2004 1951 1898 1845 1792 1742 1692 1642 1592 1542 1492 1442 1392 1342 1292 1242 1192 1142 1093 1044 995 946 897 848 799 750 701 652 612 572 532 492 452 412 372 332 292 252 212 186 160 134 108 82 56 30 27 24 21 18 15 12 9 6 3
7390 7128 6866 6613 6360 6111 5862 5638 5414 5225 5061 4897 4733 4588 4462 4336 4215 4100 3987 3874 3761 3667 3578 3500 3422 3344 3266 3188 3112 3036 2960 2884 2808 2732 2656 2580 2504 2428 2352 2276 2200 2149 2098 2047 1996 1945 1894 1843 1792 1741 1692 1643 1594 1545 1496 1447 1398 1349 1300 1251 1202 1153 1104 1056 1008 960 912 864 816 768 720 672 624 585 546 507 468 429 390 351 312 273 234 195 170 145 120 95 70 45 20 18 16 14 12 10 8 6 4 2
7284 7018 6752 6496 6240 5989 5738 5513 5288 5100 4937 4774 4611 4468 4344 4220 4102 3990 3881 3772 3663 3572 3486 3410 3334 3258 3182 3106 3031 2956 2881 2806 2731 2656 2581 2506 2431 2356 2281 2206 2131 2082 2033 1984 1935 1886 1837 1788 1739 1690 1642 1594 1546 1498 1450 1402 1354 1306 1258 1210 1162 1114 1066 1019 972 925 878 831 784 737 690 643 596 558 520 482 444 406 368 330 292 254 216 178 154 130 106 82 58 34 10 9 8 7 6 5 4 3 2 1
7178 6908 6638 6379 6120 5867 5614 5388 5162 4975 4813 4651 4489 4348 4226 4104 3989 3880 3775 3670 3565 3477 3394 3320 3246 3172 3098 3024 2950 2876 2802 2728 2654 2580 2506 2432 2358 2284 2210 2136 2062 2015 1968 1921 1874 1827 1780 1733 1686 1639 1592 1545 1498 1451 1404 1357 1310 1263 1216 1169 1122 1075 1028 982 936 890 844 798 752 706 660 614 568 531 494 457 420 383 346 309 272 235 198 161 138 115 92 69 46 23 0 0 0 0 0 0 0 0 0 0
7074 6802 6530 6270 6010 5757 5504 5280 5056 4872 4713 4554 4395 4258 4138 4018 3906 3799 3697 3595 3493 3407 3326 3253 3180 3107 3034 2961 2888 2815 2742 2669 2596 2523 2450 2377 2304 2231 2158 2085 2012 1966 1920 1874 1828 1782 1736 1690 1644 1598 1552 1506 1460 1414 1368 1322 1276 1230 1184 1138 1092 1046 1000 955 910 865 820 775 730 685 640 595 550 514 478 442 406 370 334 298 262 226 190 154 132 110 88 66 44 22 0 0 0 0 0 0 0 0 0 0
6971 6697 6423 6162 5901 5648 5395 5173 4951 4770 4614 4458 4302 4168 4050 3932 3823 3718 3619 3520 3421 3337 3258 3186 3114 3042 2970 2898 2826 2754 2682 2610 2538 2466 2394 2322 2250 2178 2106 2034 1962 1917 1872 1827 1782 1737 1692 1647 1602 1557 1512 1467 1422 1377 1332 1287 1242 1197 1152 1107 1062 1017 972 928 884 840 796 752 708 664 620 576 532 497 462 427 392 357 322 287 252 217 182 147 126 105 84 63 42 21 0 0 0 0 0 0 0 0 0 0
6868 6592 6316 6054 5792 5539 5286 5066 4846 4668 4515 4362 4209 4078 3962 3846 3740 3637 3541 3445 3349 3267 3190 3119 3048 2977 2906 2835 2764 2693 2622 2551 2480 2409 2338 2267 2196 2125 2054 1983 1912 1868 1824 1780 1736 1692 1648 1604 1560 1516 1472 1428 1384 1340 1296 1252 1208 1164 1120 1076 1032 988 944 901 858 815 772 729 686 643 600 557 514 480 446 412 378 344 310 276 242 208 174 140 120 100 80 60 40 20 0 0 0 0 0 0 0 0 0 0
6765 6487 6209 5946 5683 5430 5177 4959 4741 4566 4416 4266 4116 3988 3874 3760 3657 3556 3463 3370 3277 3197 3122 3052 2982 2912 2842 2772 2702 2632 2562 2492 2422 2352 2282 2212 2142 2072 2002 1932 1862 1819 1776 1733 1690 1647 1604 1561 1518 1475 1432 1389 1346 1303 1260 1217 1174 1131 1088 1045 1002 959 916 874 832 790 748 706 664 622 580 538 496 463 430 397 364 331 298 265 232 199 166 133 114 95 76 57 38 19 0 0 0 0 0 0 0 0 0 0
6662 6382 6102 5838 5574 5321 5068 4852 4636 4464 4317 4170 4023 3898 3786 3674 3574 3475 3385 3295 3205 3127 3054 2985 2916 2847 2778 2709 2640 2571 2502 2433 2364 2295 2226 2157 2088 2019 1950 1881 1812 1770 1728 1686 1644 1602 1560 1518 1476 1434 1392 1350 1308 1266 1224 1182 1140 1098 1056 1014 972 930 888 847 806 765 724 683 642 601 560 519 478 446 414 382 350 318 286 254 222 190 158 126 108 90 72 54 36 18 0 0 0 0 0 0 0 0 0 0
6559 6277 5995 5730 5465 5212 4959 4745 4531 4362 4218 4074 3930 3808 3698 3588 3491 3394 3307 3220 3133 3057 2986 2918 2850 2782 2714 2646 2578 2510 2442 2374 2306 2238 2170 2102 2034 1966 1898 1830 1762 1721 1680 1639 1598 1557 1516 1475 1434 1393 1352 1311 1270 1229 1188 1147 1106 1065 1024 983 942 901 860 820 780 740 700 660 620 580 540 500 460 429 398 367 336 305 274 243 212 181 150 119 102 85 68 51 34 17 0 0 0 0 0 0 0 0 0 0
6456 6172 5888 5622 5357 5105 4853 4641 4429 4263 4122 3981 3840 3721 3612 3503 3408 3313 3229 3145 3061 2987 2918 2851 2784 2717 2650 2583 2516 2449 2382 2315 2248 2181 2114 2047 1980 1913 1846 1779 1712 1672 1632 1592 1552 1512 1472 1432 1392 1352 1312 1272 1232 1192 1152 1112 1072 1032 992 952 912 872 832 793 754 715 676 637 598 559 520 481 442 412 382 352 322 292 262 232 202 172 142 112 96 80 64 48 32 16 0 0 0 0 0 0 0 0 0 0
6353 6067 5781 5514 5249 4998 4747 4537 4327 4164 4026 3888 3750 3634 3526 3418 3325 3232 3151 3070 2989 2917 2850 2784 2718 2652 2586 2520 2454 2388 2322 2256 2190 2124 2058 1992 1926 1860 1794 1728 1662 1623 1584 1545 1506 1467 1428 1389 1350 1311 1272 1233 1194 1155 1116 1077 1038 999 960 921 882 843 804 766 728 690 652 614 576 538 500 462 424 395 366 337 308 279 250 221 192 163 134 105 90 75 60 45 30 15 0 0 0 0 0 0 0 0 0 0
6250 5962 5674 5406 5141 4891 4641 4433 4225 4065 3930 3795 3660 3547 3440 3333 3242 3151 3073 2995 2917 2847 2782 2717 2652 2587 2522 2457 2392 2327 2262 2197 2132 2067 2002 1937 1872 1807 1742 1677 1612 1574 1536 1498 1460 1422 1384 1346 1308 1270 1232 1194 1156 1118 1080 1042 1004 966 928 890 852 814 776 739 702 665 628 591 554 517 480 443 406 378 350 322 294 266 238 210 182 154 126 98 84 70 56 42 28 14 0 0 0 0 0 0 0 0 0 0
6148 5859 5570 5302 5038 4790 4542 4336 4130 3973 3841 3709 3577 3467 3361 3255 3165 3075 2999 2923 2847 2778 2714 2650 2586 2522 2458 2394 2330 2266 2202 2138 2074 2010 1946 1882 1818 1754 1690 1626 1562 1525 1488 1451 1414 1377 1340 1303 1266 1229 1192 1155 1118 1081 1044 1007 970 933 896 859 822 785 748 712 676 640 604 568 532 496 460 424 388 361 334 307 280 253 226 199 172 145 118 91 78 65 52 39 26 13 0 0 0 0 0 0 0 0 0 0
6047 5758 5469 5202 4940 4694 4448 4244 4040 3885 3755 3625 3495 3387 3282 3177 3088 2999 2925 2851 2777 2709 2646 2583 2520 2457 2394 2331 2268 2205 2142 2079 2016 1953 1890 1827 1764 1701 1638 1575 1512 1476 1440 1404 1368 1332 1296 1260 1224 1188 1152 1116 1080 1044 1008 972 936 900 864 828 792 756 720 685 650 615 580 545 510 475 440 405 370 344 318 292 266 240 214 188 162 136 110 84 72 60 48 36 24 12 0 0 0 0 0 0 0 0 0 0
5946 5657 5368 5102 4842 4598 4354 4152 3950 3797 3669 3541 3413 3307 3203 3099 3011 2923 2851 2779 2707 2640 2578 2516 2454 2392 2330 2268 2206 2144 2082 2020 1958 1896 1834 1772 1710 1648 1586 1524 1462 1427 1392 1357 1322 1287 1252 1217 1182 1147 1112 1077 1042 1007 972 937 902 867 832 797 762 727 692 658 624 590 556 522 488 454 420 386 352 327 302 277 252 227 202 177 152 127 102 77 66 55 44 33 22 11 0 0 0 0 0 0 0 0 0 0
5845 5556 5267 5002 4744 4502 4260 4060 3860 3709 3583 3457 3331 3227 3124 3021 2934 2847 2777 2707 2637 2571 2510 2449 2388 2327 2266 2205 2144 2083 2022 1961 1900 1839 1778 1717 1656 1595 1534 1473 1412 1378 1344 1310 1276 1242 1208 1174 1140 1106 1072 1038 1004 970 936 902 868 834 800 766 732 698 664 631 598 565 532 499 466 433 400 367 334 310 286 262 238 214 190 166 142 118 94 70 60 50 40 30 20 10 0 0 0 0 0 0 0 0 0 0
5744 5455 5166 4902 4646 4406 4166 3968 3770 3621 3497 3373 3249 3147 3045 2943 2857 2771 2703 2635 2567 2502 2442 2382 2322 2262 2202 2142 2082 2022 1962 1902 1842 1782 1722 1662 1602 1542 1482 1422 1362 1329 1296 1263 1230 1197 1164 1131 1098 1065 1032 999 966 933 900 867 834 801 768 735 702 669 636 604 572 540 508 476 444 412 380 348 316 293 270 247 224 201 178 155 132 109 86 63 54 45 36 27 18 9 0 0 0 0 0 0 0 0 0 0
5644 5356 5068 4806 4552 4314 4076 3880 3684 3537 3414 3291 3168 3067 2966 2865 2780 2695 2629 2563 2497 2433 2374 2315 2256 2197 2138 2079 2020 1961 1902 1843 1784 1725 1666 1607 1548 1489 1430 1371 1312 1280 1248 1216 1184 1152 1120 1088 1056 1024 992 960 928 896 864 832 800 768 736 704 672 640 608 577 546 515 484 453 422 391 360 329 298 276 254 232 210 188 166 144 122 100 78 56 48 40 32 24 16 8 0 0 0 0 0 0 0 0 0 0
5544 5257 4970 4710 4458 4222 3986 3792 3598 3453 3331 3209 3087 2987 2887 2787 2703 2619 2555 2491 2427 2364 2306 2248 2190 2132 2074 2016 1958 1900 1842 1784 1726 1668 1610 1552 1494 1436 1378 1320 1262 1231 1200 1169 1138 1107 1076 1045 1014 983 952 921 890 859 828 797 766 735 704 673 642 611 580 550 520 490 460 430 400 370 340 310 280 259 238 217 196 175 154 133 112 91 70 49 42 35 28 21 14 7 0 0 0 0 0 0 0 0 0 0
5444 5158 4872 4614 4364 4130 3896 3704 3512 3369 3248 3127 3006 2907 2808 2709 2626 2543 2481 2419 2357 2295 2238 2181 2124 2067 2010 1953 1896 1839 1782 1725 1668 1611 1554 1497 1440 1383 1326 1269 1212 1182 1152 1122 1092 1062 1032 1002 972 942 912 882 852 822 792 762 732 702 672 642 612 582 552 523 494 465 436 407 378 349 320 291 262 242 222 202 182 162 142 122 102 82 62 42 36 30 24 18 12 6 0 0 0 0 0 0 0 0 0 0
5344 5059 4774 4518 4270 4038 3806 3616 3426 3285 3165 3045 2925 2828 2731 2634 2552 2470 2409 2348 2287 2226 2170 2114 2058 2002 1946 1890 1834 1778 1722 1666 1610 1554 1498 1442 1386 1330 1274 1218 1162 1133 1104 1075 1046 1017 988 959 930 901 872 843 814 785 756 727 698 669 640 611 582 553 524 496 468 440 412 384 356 328 300 272 244 225 206 187 168 149 130 111 92 73 54 35 30 25 20 15 10 5 0 0 0 0 0 0 0 0 0 0
5244 4960 4676 4422 4176 3946 3716 3528 3340 3201 3082 2963 2844 2749 2654 2559 2478 2397 2337 2277 2217 2157 2102 2047 1992 1937 1882 1827 1772 1717 1662 1607 1552 1497 1442 1387 1332 1277 1222 1167 1112 1084 1056 1028 1000 972 944 916 888 860 832 804 776 748 720 692 664 636 608 580 552 524 496 469 442 415 388 361 334 307 280 253 226 208 190 172 154 136 118 100 82 64 46 28 24 20 16 12 8 4 0 0 0 0 0 0 0 0 0 0
5144 4861 4578 4326 4082 3854 3626 3440 3254 3117 2999 2881 2763 2670 2577 2484 2404 2324 2265 2206 2147 2088 2034 1980 1926 1872 1818 1764 1710 1656 1602 1548 1494 1440 1386 1332 1278 1224 1170 1116 1062 1035 1008 981 954 927 900 873 846 819 792 765 738 711 684 657 630 603 576 549 522 495 468 442 416 390 364 338 312 286 260 234 208 191 174 157 140 123 106 89 72 55 38 21 18 15 12 9 6 3 0 0 0 0 0 0 0 0 0 0
5044 4762 4480 4230 3988 3762 3536 3352 3168 3033 2916 2799 2682 2591 2500 2409 2330 2251 2193 2135 2077 2019 1966 1913 1860 1807 1754 1701 1648 1595 1542 1489 1436 1383 1330 1277 1224 1171 1118 1065 1012 986 960 934 908 882 856 830 804 778 752 726 700 674 648 622 596 570 544 518 492 466 440 415 390 365 340 315 290 265 240 215 190 174 158 142 126 110 94 78 62 46 30 14 12 10 8 6 4 2 0 0 0 0 0 0 0 0 0 0
4944 4663 4382 4134 3894 3670 3446 3264 3082 2949 2833 2717 2601 2512 2423 2334 2256 2178 2121 2064 2007 1950 1898 1846 1794 1742 1690 1638 1586 1534 1482 1430 1378 1326 1274 1222 1170 1118 1066 1014 962 937 912 887 862 837 812 787 762 737 712 687 662 637 612 587 562 537 512 487 462 437 412 388 364 340 316 292 268 244 220 196 172 157 142 127 112 97 82 67 52 37 22 7 6 5 4 3 2 1 0 0 0 0 0 0 0 0 0 0
4844 4564 4284 4038 3800 3578 3356 3176 2996 2865 2750 2635 2520 2433 2346 2259 2182 2105 2049 1993 1937 1881 1830 1779 1728 1677 1626 1575 1524 1473 1422 1371 1320 1269 1218 1167 1116 1065 1014 963 912 888 864 840 816 792 768 744 720 696 672 648 624 600 576 552 528 504 480 456 432 408 384 361 338 315 292 269 246 223 200 177 154 140 126 112 98 84 70 56 42 28 14 0 0 0 0 0 0 0 0 0 0 0 0 0 0 0 0 0
4744 4465 4186 3942 3706 3486 3266 3088 2910 2781 2667 2554 2441 2357 2273 2189 2114 2039 1984 1929 1874 1819 1769 1719 1669 1619 1569 1519 1469 1419 1369 1319 1269 1219 1169 1119 1069 1019 969 919 869 846 823 800 777 754 731 708 685 662 639 616 593 570 547 524 501 478 455 432 409 386 363 341 319 297 275 253 231 209 187 165 143 130 117 104 91 78 65 52 39 26 13 0 0 0 0 0 0 0 0 0 0 0 0 0 0 0 0 0
4644 4366 4088 3846 3612 3394 3176 3000 2824 2697 2584 2473 2362 2281 2200 2119 2046 1973 1919 1865 1811 1757 1708 1659 1610 1561 1512 1463 1414 1365 1316 1267 1218 1169 1120 1071 1022 973 924 875 826 804 782 760 738 716 694 672 650 628 606 584 562 540 518 496 474 452 430 408 386 364 342 321 300 279 258 237 216 195 174 153 132 120 108 96 84 72 60 48 36 24 12 0 0 0 0 0 0 0 0 0 0 0 0 0 0 0 0 0
4544 4267 3990 3750 3518 3302 3086 2912 2738 2613 2501 2392 2283 2205 2127 2049 1978 1907 1854 1801 1748 1695 1647 1599 1551 1503 1455 1407 1359 1311 1263 1215 1167 1119 1071 1023 975 927 879 831 783 762 741 720 699 678 657 636 615 594 573 552 531 510 489 468 447 426 405 384 363 342 321 301 281 261 241 221 201 181 161 141 121 110 99 88 77 66 55 44 33 22 11 0 0 0 0 0 0 0 0 0 0 0 0 0 0 0 0 0
4444 4168 3892 3654 3424 3210 2996 2824 2652 2529 2418 2311 2204 2129 2054 1979 1910 1841 1789 1737 1685 1633 1586 1539 1492 1445 1398 1351 1304 1257 1210 1163 1116 1069 1022 975 928 881 834 787 740 720 700 680 660 640 620 600 580 560 540 520 500 480 460 440 420 400 380 360 340 320 300 281 262 243 224 205 186 167 148 129 110 100 90 80 70 60 50 40 30 20 10 0 0 0 0 0 0 0 0 0 0 0 0 0 0 0 0 0
4344 4069 3794 3558 3330 3118 2906 2736 2566 2445 2335 2230 2125 2053 1981 1909 1842 1775 1724 1673 1622 1571 1525 1479 1433 1387 1341 1295 1249 1203 1157 1111 1065 1019 973 927 881 835 789 743 697 678 659 640 621 602 583 564 545 526 507 488 469 450 431 412 393 374 355 336 317 298 279 261 243 225 207 189 171 153 135 117 99 90 81 72 63 54 45 36 27 18 9 0 0 0 0 0 0 0 0 0 0 0 0 0 0 0 0 0
4244 3970 3696 3462 3236 3026 2816 2648 2480 2361 2252 2149 2046 1977 1908 1839 1774 1709 1659 1609 1559 1509 1464 1419 1374 1329 1284 1239 1194 1149 1104 1059 1014 969 924 879 834 789 744 699 654 636 618 600 582 564 546 528 510 492 474 456 438 420 402 384 366 348 330 312 294 276 258 241 224 207 190 173 156 139 122 105 88 80 72 64 56 48 40 32 24 16 8 0 0 0 0 0 0 0 0 0 0 0 0 0 0 0 0 0
4144 3871 3598 3366 3142 2934 2726 2560 2394 2277 2169 2068 1967 1901 1835 1769 1706 1643 1594 1545 1496 1447 1403 1359 1315 1271 1227 1183 1139 1095 1051 1007 963 919 875 831 787 743 699 655 611 594 577 560 543 526 509 492 475 458 441 424 407 390 373 356 339 322 305 288 271 254 237 221 205 189 173 157 141 125 109 93 77 70 63 56 49 42 35 28 21 14 7 0 0 0 0 0 0 0 0 0 0 0 0 0 0 0 0 0
4044 3772 3500 3270 3048 2842 2636 2472 2308 2193 2086 1987 1888 1825 1762 1699 1638 1577 1529 1481 1433 1385 1342 1299 1256 1213 1170 1127 1084 1041 998 955 912 869 826 783 740 697 654 611 568 552 536 520 504 488 472 456 440 424 408 392 376 360 344 328 312 296 280 264 248 232 216 201 186 171 156 141 126 111 96 81 66 60 54 48 42 36 30 24 18 12 6 0 0 0 0 0 0 0 0 0 0 0 0 0 0 0 0 0
3944 3673 3402 3174 2954 2750 2546 2384 2222 2109 2003 1906 1809 1749 1689 1629 1570 1511 1464 1417 1370 1323 1281 1239 1197 1155 1113 1071 1029 987 945 903 861 819 777 735 693 651 609 567 525 510 495 480 465 450 435 420 405 390 375 360 345 330 315 300 285 270 255 240 225 210 195 181 167 153 139 125 111 97 83 69 55 50 45 40 35 30 25 20 15 10 5 0 0 0 0 0 0 0 0 0 0 0 0 0 0 0 0 0
3844 3574 3304 3078 2860 2658 2456 2296 2136 2025 1920 1825 1730 1673 1616 1559 1502 1445 1399 1353 1307 1261 1220 1179 1138 1097 1056 1015 974 933 892 851 810 769 728 687 646 605 564 523 482 468 454 440 426 412 398 384 370 356 342 328 314 300 286 272 258 244 230 216 202 188 174 161 148 135 122 109 96 83 70 57 44 40 36 32 28 24 20 16 12 8 4 0 0 0 0 0 0 0 0 0 0 0 0 0 0 0 0 0
3745 3477 3209 2985 2769 2569 2369 2211 2053 1944 1840 1747 1654 1599 1544 1489 1434 1379 1334 1289 1244 1199 1159 1119 1079 1039 999 959 919 879 839 799 759 719 679 639 599 559 519 479 439 426 413 400 387 374 361 348 335 322 309 296 283 270 257 244 231 218 205 192 179 166 153 141 129 117 105 93 81 69 57 45 33 30 27 24 21 18 15 12 9 6 3 0 0 0 0 0 0 0 0 0 0 0 0 0 0 0 0 0
3646 3380 3114 2892 2678 2480 2282 2126 1970 1863 1760 1669 1578 1525 1472 1419 1366 1313 1269 1225 1181 1137 1098 1059 1020 981 942 903 864 825 786 747 708 669 630 591 552 513 474 435 396 384 372 360 348 336 324 312 300 288 276 264 252 240 228 216 204 192 180 168 156 144 132 121 110 99 88 77 66 55 44 33 22 20 18 16 14 12 10 8 6 4 2 0 0 0 0 0 0 0 0 0 0 0 0 0 0 0 0 0
3547 3283 3019 2799 2587 2391 2195 2041 1887 1782 1680 1591 1502 1451 1400 1349 1298 1247 1204 1161 1118 1075 1037 999 961 923 885 847 809 771 733 695 657 619 581 543 505 467 429 391 353 342 331 320 309 298 287 276 265 254 243 232 221 210 199 188 177 166 155 144 133 122 111 101 91 81 71 61 51 41 31 21 11 10 9 8 7 6 5 4 3 2 1 0 0 0 0 0 0 0 0 0 0 0 0 0 0 0 0 0
3448 3186 2924 2706 2496 2302 2108 1956 1804 1701 1600 1513 1426 1377 1328 1279 1230 1181 1139 1097 1055 1013 976 939 902 865 828 791 754 717 680 643 606 569 532 495 458 421 384 347 310 300 290 280 270 260 250 240 230 220 210 200 190 180 170 160 150 140 130 120 110 100 90 81 72 63 54 45 36 27 18 9 0 0 0 0 0 0 0 0 0 0 0 0 0 0 0 0 0 0 0 0 0 0 0 0 0 0 0 0
3350 3091 2832 2617 2410 2219 2028 1879 1730 1630 1531 1446 1361 1314 1267 1220 1173 1126 1085 1044 1003 962 926 890 854 818 782 746 710 674 638 602 566 530 494 458 422 386 350 314 278 269 260 251 242 233 224 215 206 197 188 179 170 161 152 143 134 125 116 107 98 89 80 72 64 56 48 40 32 24 16 8 0 0 0 0 0 0 0 0 0 0 0 0 0 0 0 0 0 0 0 0 0 0 0 0 0 0 0 0
3253 2998 2743 2531 2327 2139 1951 1804 1657 1559 1462 1379 1296 1251 1206 1161 1116 1071 1031 991 951 911 876 841 806 771 736 701 666 631 596 561 526 491 456 421 386 351 316 281 246 238 230 222 214 206 198 190 182 174 166 158 150 142 134 126 118 110 102 94 86 78 70 63 56 49 42 35 28 21 14 7 0 0 0 0 0 0 0 0 0 0 0 0 0 0 0 0 0 0 0 0 0 0 0 0 0 0 0 0
3156 2905 2654 2445 2244 2059 1874 1729 1584 1488 1393 1312 1231 1188 1145 1102 1059 1016 977 938 899 860 826 792 758 724 690 656 622 588 554 520 486 452 418 384 350 316 282 248 214 207 200 193 186 179 172 165 158 151 144 137 130 123 116 109 102 95 88 81 74 67 60 54 48 42 36 30 24 18 12 6 0 0 0 0 0 0 0 0 0 0 0 0 0 0 0 0 0 0 0 0 0 0 0 0 0 0 0 0
3059 2812 2565 2359 2161 1979 1797 1654 1511 1417 1324 1245 1166 1125 1084 1043 1002 961 923 885 847 809 776 743 710 677 644 611 578 545 512 479 446 413 380 347 314 281 248 215 182 176 170 164 158 152 146 140 134 128 122 116 110 104 98 92 86 80 74 68 62 56 50 45 40 35 30 25 20 15 10 5 0 0 0 0 0 0 0 0 0 0 0 0 0 0 0 0 0 0 0 0 0 0 0 0 0 0 0 0
2962 2719 2476 2273 2078 1899 1720 1579 1438 1346 1255 1178 1101 1062 1023 984 945 906 869 832 795 758 726 694 662 630 598 566 534 502 470 438 406 374 342 310 278 246 214 182 150 145 140 135 130 125 120 115 110 105 100 95 90 85 80 75 70 65 60 55 50 45 40 36 32 28 24 20 16 12 8 4 0 0 0 0 0 0 0 0 0 0 0 0 0 0 0 0 0 0 0 0 0 0 0 0 0 0 0 0
2865 2626 2387 2187 1995 1819 1643 1504 1365 1275 1186 1111 1036 999 962 925 888 851 815 779 743 707 676 645 614 583 552 521 490 459 428 397 366 335 304 273 242 211 180 149 118 114 110 106 102 98 94 90 86 82 78 74 70 66 62 58 54 50 46 42 38 34 30 27 24 21 18 15 12 9 6 3 0 0 0 0 0 0 0 0 0 0 0 0 0 0 0 0 0 0 0 0 0 0 0 0 0 0 0 0
2768 2533 2298 2101 1912 1739 1566 1429 1292 1204 1117 1044 971 936 901 866 831 796 761 726 691 656 626 596 566 536 506 476 446 416 386 356 326 296 266 236 206 176 146 116 86 83 80 77 74 71 68 65 62 59 56 53 50 47 44 41 38 35 32 29 26 23 20 18 16 14 12 10 8 6 4 2 0 0 0 0 0 0 0 0 0 0 0 0 0 0 0 0 0 0 0 0 0 0 0 0 0 0 0 0
2671 2440 2209 2015 1829 1659 1490 1356 1222 1137 1053 982 911 877 843 809 775 741 707 673 639 605 576 547 518 489 460 431 402 373 344 315 286 257 228 199 170 141 112 83 54 52 50 48 46 44 42 40 38 36 34 32 30 28 26 24 22 20 18 16 14 12 10 9 8 7 6 5 4 3 2 1 0 0 0 0 0 0 0 0 0 0 0 0 0 0 0 0 0 0 0 0 0 0 0 0 0 0 0 0
2574 2347 2120 1929 1746 1579 1414 1283 1152 1070 989 920 851 818 785 752 719 686 653 620 587 554 526 498 470 442 414 386 358 330 302 274 246 218 190 162 134 106 78 50 22 21 20 19 18 17 16 15 14 13 12 11 10 9 8 7 6 5 4 3 2 1 0 0 0 0 0 0 0 0 0 0 0 0 0 0 0 0 0 0 0 0 0 0 0 0 0 0 0 0 0 0 0 0 0 0 0 0 0 0
2478 2256 2034 1847 1668 1505 1345 1218 1091 1013 935 868 801 769 737 705 673 641 609 577 545 513 486 459 432 405 378 351 324 297 270 243 216 189 162 135 108 81 54 27 0 0 0 0 0 0 0 0 0 0 0 0 0 0 0 0 0 0 0 0 0 0 0 0 0 0 0 0 0 0 0 0 0 0 0 0 0 0 0 0 0 0 0 0 0 0 0 0 0 0 0 0 0 0 0 0 0 0 0 0
2384 2168 1952 1770 1596 1438 1284 1162 1040 966 892 828 764 734 704 674 644 614 584 554 524 494 468 442 416 390 364 338 312 286 260 234 208 182 156 130 104 78 52 26 0 0 0 0 0 0 0 0 0 0 0 0 0 0 0 0 0 0 0 0 0 0 0 0 0 0 0 0 0 0 0 0 0 0 0 0 0 0 0 0 0 0 0 0 0 0 0 0 0 0 0 0 0 0 0 0 0 0 0 0
2290 2080 1870 1693 1524 1371 1223 1106 989 919 849 788 727 699 671 643 615 587 559 531 503 475 450 425 400 375 350 325 300 275 250 225 200 175 150 125 100 75 50 25 0 0 0 0 0 0 0 0 0 0 0 0 0 0 0 0 0 0 0 0 0 0 0 0 0 0 0 0 0 0 0 0 0 0 0 0 0 0 0 0 0 0 0 0 0 0 0 0 0 0 0 0 0 0 0 0 0 0 0 0
2196 1992 1788 1616 1452 1304 1162 1050 938 872 806 748 690 664 638 612 586 560 534 508 482 456 432 408 384 360 336 312 288 264 240 216 192 168 144 120 96 72 48 24 0 0 0 0 0 0 0 0 0 0 0 0 0 0 0 0 0 0 0 0 0 0 0 0 0 0 0 0 0 0 0 0 0 0 0 0 0 0 0 0 0 0 0 0 0 0 0 0 0 0 0 0 0 0 0 0 0 0 0 0
2102 1904 1706 1539 1380 1237 1101 994 887 825 763 708 653 629 605 581 557 533 509 485 461 437 414 391 368 345 322 299 276 253 230 207 184 161 138 115 92 69 46 23 0 0 0 0 0 0 0 0 0 0 0 0 0 0 0 0 0 0 0 0 0 0 0 0 0 0 0 0 0 0 0 0 0 0 0 0 0 0 0 0 0 0 0 0 0 0 0 0 0 0 0 0 0 0 0 0 0 0 0 0
2008 1816 1624 1462 1308 1170 1040 938 836 778 720 668 616 594 572 550 528 506 484 462 440 418 396 374 352 330 308 286 264 242 220 198 176 154 132 110 88 66 44 22 0 0 0 0 0 0 0 0 0 0 0 0 0 0 0 0 0 0 0 0 0 0 0 0 0 0 0 0 0 0 0 0 0 0 0 0 0 0 0 0 0 0 0 0 0 0 0 0 0 0 0 0 0 0 0 0 0 0 0 0
1915 1730 1545 1389 1241 1109 986 890 794 740 686 637 588 567 546 525 504 483 462 441 420 399 378 357 336 315 294 273 252 231 210 189 168 147 126 105 84 63 42 21 0 0 0 0 0 0 0 0 0 0 0 0 0 0 0 0 0 0 0 0 0 0 0 0 0 0 0 0 0 0 0 0 0 0 0 0 0 0 0 0 0 0 0 0 0 0 0 0 0 0 0 0 0 0 0 0 0 0 0 0
1822 1644 1466 1316 1174 1048 932 842 752 702 652 606 560 540 520 500 480 460 440 420 400 380 360 340 320 300 280 260 240 220 200 180 160 140 120 100 80 60 40 20 0 0 0 0 0 0 0 0 0 0 0 0 0 0 0 0 0 0 0 0 0 0 0 0 0 0 0 0 0 0 0 0 0 0 0 0 0 0 0 0 0 0 0 0 0 0 0 0 0 0 0 0 0 0 0 0 0 0 0 0
1729 1558 1387 1243 1107 987 878 794 710 664 618 575 532 513 494 475 456 437 418 399 380 361 342 323 304 285 266 247 228 209 190 171 152 133 114 95 76 57 38 19 0 0 0 0 0 0 0 0 0 0 0 0 0 0 0 0 0 0 0 0 0 0 0 0 0 0 0 0 0 0 0 0 0 0 0 0 0 0 0 0 0 0 0 0 0 0 0 0 0 0 0 0 0 0 0 0 0 0 0 0
1636 1472 1308 1170 1040 926 824 746 668 626 584 544 504 486 468 450 432 414 396 378 360 342 324 306 288 270 252 234 216 198 180 162 144 126 108 90 72 54 36 18 0 0 0 0 0 0 0 0 0 0 0 0 0 0 0 0 0 0 0 0 0 0 0 0 0 0 0 0 0 0 0 0 0 0 0 0 0 0 0 0 0 0 0 0 0 0 0 0 0 0 0 0 0 0 0 0 0 0 0 0
1543 1386 1229 1097 973 865 770 698 626 588 550 513 476 459 442 425 408 391 374 357 340 323 306 289 272 255 238 221 204 187 170 153 136 119 102 85 68 51 34 17 0 0 0 0 0 0 0 0 0 0 0 0 0 0 0 0 0 0 0 0 0 0 0 0 0 0 0 0 0 0 0 0 0 0 0 0 0 0 0 0 0 0 0 0 0 0 0 0 0 0 0 0 0 0 0 0 0 0 0 0
1450 1300 1150 1024 906 804 716 650 584 550 516 482 448 432 416 400 384 368 352 336 320 304 288 272 256 240 224 208 192 176 160 144 128 112 96 80 64 48 32 16 0 0 0 0 0 0 0 0 0 0 0 0 0 0 0 0 0 0 0 0 0 0 0 0 0 0 0 0 0 0 0 0 0 0 0 0 0 0 0 0 0 0 0 0 0 0 0 0 0 0 0 0 0 0 0 0 0 0 0 0
1358 1216 1074 955 844 748 666 605 544 513 482 451 420 405 390 375 360 345 330 315 300 285 270 255 240 225 210 195 180 165 150 135 120 105 90 75 60 45 30 15 0 0 0 0 0 0 0 0 0 0 0 0 0 0 0 0 0 0 0 0 0 0 0 0 0 0 0 0 0 0 0 0 0 0 0 0 0 0 0 0 0 0 0 0 0 0 0 0 0 0 0 0 0 0 0 0 0 0 0 0
1266 1132 998 886 782 692 616 560 504 476 448 420 392 378 364 350 336 322 308 294 280 266 252 238 224 210 196 182 168 154 140 126 112 98 84 70 56 42 28 14 0 0 0 0 0 0 0 0 0 0 0 0 0 0 0 0 0 0 0 0 0 0 0 0 0 0 0 0 0 0 0 0 0 0 0 0 0 0 0 0 0 0 0 0 0 0 0 0 0 0 0 0 0 0 0 0 0 0 0 0
1175 1050 925 821 725 642 572 520 468 442 416 390 364 351 338 325 312 299 286 273 260 247 234 221 208 195 182 169 156 143 130 117 104 91 78 65 52 39 26 13 0 0 0 0 0 0 0 0 0 0 0 0 0 0 0 0 0 0 0 0 0 0 0 0 0 0 0 0 0 0 0 0 0 0 0 0 0 0 0 0 0 0 0 0 0 0 0 0 0 0 0 0 0 0 0 0 0 0 0 0
1084 968 852 756 668 592 528 480 432 408 384 360 336 324 312 300 288 276 264 252 240 228 216 204 192 180 168 156 144 132 120 108 96 84 72 60 48 36 24 12 0 0 0 0 0 0 0 0 0 0 0 0 0 0 0 0 0 0 0 0 0 0 0 0 0 0 0 0 0 0 0 0 0 0 0 0 0 0 0 0 0 0 0 0 0 0 0 0 0 0 0 0 0 0 0 0 0 0 0 0
993 886 779 691 611 542 484 440 396 374 352 330 308 297 286 275 264 253 242 231 220 209 198 187 176 165 154 143 132 121 110 99 88 77 66 55 44 33 22 11 0 0 0 0 0 0 0 0 0 0 0 0 0 0 0 0 0 0 0 0 0 0 0 0 0 0 0 0 0 0 0 0 0 0 0 0 0 0 0 0 0 0 0 0 0 0 0 0 0 0 0 0 0 0 0 0 0 0 0 0
902 804 706 626 554 492 440 400 360 340 320 300 280 270 260 250 240 230 220 210 200 190 180 170 160 150 140 130 120 110 100 90 80 70 60 50 40 30 20 10 0 0 0 0 0 0 0 0 0 0 0 0 0 0 0 0 0 0 0 0 0 0 0 0 0 0 0 0 0 0 0 0 0 0 0 0 0 0 0 0 0 0 0 0 0 0 0 0 0 0 0 0 0 0 0 0 0 0 0 0
811 722 633 561 497 442 396 360 324 306 288 270 252 243 234 225 216 207 198 189 180 171 162 153 144 135 126 117 108 99 90 81 72 63 54 45 36 27 18 9 0 0 0 0 0 0 0 0 0 0 0 0 0 0 0 0 0 0 0 0 0 0 0 0 0 0 0 0 0 0 0 0 0 0 0 0 0 0 0 0 0 0 0 0 0 0 0 0 0 0 0 0 0 0 0 0 0 0 0 0
720 640 560 496 440 392 352 320 288 272 256 240 224 216 208 200 192 184 176 168 160 152 144 136 128 120 112 104 96 88 80 72 64 56 48 40 32 24 16 8 0 0 0 0 0 0 0 0 0 0 0 0 0 0 0 0 0 0 0 0 0 0 0 0 0 0 0 0 0 0 0 0 0 0 0 0 0 0 0 0 0 0 0 0 0 0 0 0 0 0 0 0 0 0 0 0 0 0 0 0
630 560 490 434 385 343 308 280 252 238 224 210 196 189 182 175 168 161 154 147 140 133 126 119 112 105 98 91 84 77 70 63 56 49 42 35 28 21 14 7 0 0 0 0 0 0 0 0 0 0 0 0 0 0 0 0 0 0 0 0 0 0 0 0 0 0 0 0 0 0 0 0 0 0 0 0 0 0 0 0 0 0 0 0 0 0 0 0 0 0 0 0 0 0 0 0 0 0 0 0
540 480 420 372 330 294 264 240 216 204 192 180 168 162 156 150 144 138 132 126 120 114 108 102 96 90 84 78 72 66 60 54 48 42 36 30 24 18 12 6 0 0 0 0 0 0 0 0 0 0 0 0 0 0 0 0 0 0 0 0 0 0 0 0 0 0 0 0 0 0 0 0 0 0 0 0 0 0 0 0 0 0 0 0 0 0 0 0 0 0 0 0 0 0 0 0 0 0 0 0
450 400 350 310 275 245 220 200 180 170 160 150 140 135 130 125 120 115 110 105 100 95 90 85 80 75 70 65 60 55 50 45 40 35 30 25 20 15 10 5 0 0 0 0 0 0 0 0 0 0 0 0 0 0 0 0 0 0 0 0 0 0 0 0 0 0 0 0 0 0 0 0 0 0 0 0 0 0 0 0 0 0 0 0 0 0 0 0 0 0 0 0 0 0 0 0 0 0 0 0
360 320 280 248 220 196 176 160 144 136 128 120 112 108 104 100 96 92 88 84 80 76 72 68 64 60 56 52 48 44 40 36 32 28 24 20 16 12 8 4 0 0 0 0 0 0 0 0 0 0 0 0 0 0 0 0 0 0 0 0 0 0 0 0 0 0 0 0 0 0 0 0 0 0 0 0 0 0 0 0 0 0 0 0 0 0 0 0 0 0 0 0 0 0 0 0 0 0 0 0
270 240 210 186 165 147 132 120 108 102 96 90 84 81 78 75 72 69 66 63 60 57 54 51 48 45 42 39 36 33 30 27 24 21 18 15 12 9 6 3 0 0 0 0 0 0 0 0 0 0 0 0 0 0 0 0 0 0 0 0 0 0 0 0 0 0 0 0 0 0 0 0 0 0 0 0 0 0 0 0 0 0 0 0 0 0 0 0 0 0 0 0 0 0 0 0 0 0 0 0
180 160 140 124 110 98 88 80 72 68 64 60 56 54 52 50 48 46 44 42 40 38 36 34 32 30 28 26 24 22 20 18 16 14 12 10 8 6 4 2 0 0 0 0 0 0 0 0 0 0 0 0 0 0 0 0 0 0 0 0 0 0 0 0 0 0 0 0 0 0 0 0 0 0 0 0 0 0 0 0 0 0 0 0 0 0 0 0 0 0 0 0 0 0 0 0 0 0 0 0
90 80 70 62 55 49 44 40 36 34 32 30 28 27 26 25 24 23 22 21 20 19 18 17 16 15 14 13 12 11 10 9 8 7 6 5 4 3 2 1 0 0 0 0 0 0 0 0 0 0 0 0 0 0 0 0 0 0 0 0 0 0 0 0 0 0 0 0 0 0 0 0 0 0 0 0 0 0 0 0 0 0 0 0 0 0 0 0 0 0 0 0 0 0 0 0 0 0 0 0